Entity	Code	Year	Coal (terawatt-hours)	Gas (terawatt-hours)	Oil (terawatt-hours)	
Australia	AUS	1965	202.0277778	0.029475	181.1174839	
Australia	AUS	1966	209.3888889	0.0393	214.0475519	
Australia	AUS	1967	215.25	0.0393	234.3877667	
Australia	AUS	1968	221.6944444	0.304575	255.2849878	
Australia	AUS	1969	229.2777778	4.1265	262.4481239	
Australia	AUS	1970	231.6944444	17.30397462	290.1954217	
Australia	AUS	1971	232.5694444	25.82667936	305.5445647	
Australia	AUS	1972	242.9305556	37.07426286	311.0333556	
Australia	AUS	1973	252.9861111	47.06879993	331.8929542	
Australia	AUS	1974	264.0694444	53.7019902	351.7351633	
Australia	AUS	1975	272.5416667	57.66997059	348.1045194	
Australia	AUS	1976	281.7916667	68.07721739	355.8214853	
Australia	AUS	1977	294.1805556	77.76843766	372.6007575	
Australia	AUS	1978	301.8611111	83.72538065	375.3140162	
Australia	AUS	1979	315.5416667	96.37518278	381.8075655	
Australia	AUS	1980	324.7638889	110.6658791	366.1850965	
Australia	AUS	1981	333.1388889	119.9443896	354.343326	
Australia	AUS	1982	336.6805556	116.9808353	355.9768033	
Australia	AUS	1983	336.5555556	127.0748205	349.8237089	
Australia	AUS	1984	355.9027778	125.3172638	366.4661316	
Australia	AUS	1985	368.1388889	133.9526234	350.072835	
Australia	AUS	1986	377.4861111	146.3292813	358.2831075	
Australia	AUS	1987	393.3611111	149.3945909	365.104736	
Australia	AUS	1988	413.7638889	152.9933955	382.4276457	
Australia	AUS	1989	433.9583333	166.8756415	396.1745837	
Australia	AUS	1990	444.3472222	167.7594772	401.9413761	
Australia	AUS	1991	453.2638889	160.8210097	390.8266081	
Australia	AUS	1992	455.9583333	166.3695702	392.5544354	
Australia	AUS	1993	458.8888889	172.493433	412.4857567	
Australia	AUS	1994	468.2638889	191.5665674	428.1422427	
Australia	AUS	1995	484.1666667	193.4156921	441.5615362	
Australia	AUS	1996	503.9583333	194.8266326	448.4538748	
Australia	AUS	1997	529.4583333	191.3050511	456.5346415	
Australia	AUS	1998	553.0833333	196.9532064	455.9733081	
Australia	AUS	1999	587.3693573	201.7405366	470.1473396	
Australia	AUS	2000	591.5835925	205.5507952	467.6580082	
Australia	AUS	2001	585.6118882	221.6931911	470.6470226	
Australia	AUS	2002	598.7945456	228.1481705	469.1008973	
Australia	AUS	2003	615.944215	229.9428928	468.7942184	
Australia	AUS	2004	641.8300979	234.5360094	482.0792745	
Australia	AUS	2005	638.1289183	232.589823	480.4815087	
Australia	AUS	2006	655.4123629	259.4306309	519.5187842	
Australia	AUS	2007	649.7283743	290.198155	517.159155	
Australia	AUS	2008	677.3041072	285.3495793	525.3902248	
Australia	AUS	2009	654.9699776	291.364343	528.4655909	
Australia	AUS	2010	607.5224584	337.8362544	530.4542553	
Australia	AUS	2011	592.1726028	352.8308142	560.0560755	
Australia	AUS	2012	555.3424908	353.9067949	576.5696531	
Australia	AUS	2013	527.9813798	371.7348249	580.1941926	
Australia	AUS	2014	522.9722737	400.9991719	588.3043574	
Australia	AUS	2015	540.8229108	421.0696996	564.1778433	
Australia	AUS	2016	541.1353486	417.2607232	584.5295596	
Australia	AUS	2017	524.1236081	412.4223851	594.324935	
Australia	AUS	2018	514.9354787	413.9666804	620.2646798	
						
						
Europe  		1965	105.3118197	3.459375	48.67923027	
Europe		1966	102.913463	4.230375	57.24921632	
Europe		1967	89.95412303	4.8956	69.94512019	
Europe		1968	93.86978636	6.118975	81.25326804	
Europe		1969	92.50272636	7.5878875	87.23652323	
Europe		1970	97.08940969	9.970975	103.9112233	
Europe		1971	107.3208846	11.85055	131.5770037	
Europe		1972	104.9443696	14.5328625	136.7233831	
Europe		1973	110.2698712	15.812325	149.0505705	
Europe		1974	113.3944728	17.2909625	167.1700244	
Europe		1975	121.2220577	18.33465	164.2459293	
Europe		1976	128.7751127	19.658075	174.8421132	
Europe		1977	128.6299243	20.7842	190.3980632	
Europe		1978	141.6884326	23.354375	208.3967637	
Europe		1979	155.9465908	27.378925	223.4297111	
Europe		1980	149.7171524	32.5298	205.0948788	
Europe		1981	171.302313	32.327675	189.0256432	
Europe		1982	176.8774269	40.2683	193.5239534	
Europe		1983	200.2884974	43.3483	206.1982165	
Europe		1984	218.268358	48.324425	194.041176	
Europe		1985	236.7760319	96.70491812	270.4783964	
Europe		1986	241.2534624	101.9733232	282.9659303	
Europe		1987	234.414903	112.6601491	283.8761892	
Europe		1988	236.2988435	114.244811	304.4456518	
Europe		1989	227.5413341	120.1114116	291.82029	
Europe		1990	183.4984046	83.77307527	198.701529	
Europe		1991	156.2039433	78.75581754	153.6328726	
Europe		1992	147.4000834	74.89286229	118.1809688	
Europe		1993	134.1209208	51.66878327	104.327569	
Europe		1994	94.9754321	38.72836074	97.09473222	
Europe		1995	107.6039843	36.78771311	93.7752682	
Europe		1996	112.9714338	26.99762168	109.404464	
Europe		1997	128.6812433	34.55863415	120.2136041	
Europe		1998	142.6060007	31.26393973	114.4862892	
Europe		1999	117.3261351	28.41380777	103.0305642	
Europe		2000	139.9503165	29.97969423	113.0185566	
Europe		2001	139.1106058	30.56412386	131.9009023	
Europe		2002	147.3649028	31.48674452	141.4122951	
Europe		2003	156.0825391	32.01024458	155.4307541	
Europe		2004	161.41503	39.66079698	167.1126291	
Europe		2005	147.9541046	38.62148328	174.0056425	
Europe		2006	155.3340051	44.49723424	178.1879648	
Europe		2007	147.0718439	42.69681722	187.0932763	
Europe		2008	158.7420145	36.40663317	187.434945	
Europe		2009	161.1290477	29.56209404	187.5346238	
Europe		2010	162.035694	35.54298277	190.0864608	
Europe		2011	182.1248789	42.22787729	190.4737898	
Europe		2012	163.9229992	39.46401086	179.7055716	
Europe		2013	169.6709135	41.79399852	176.2730088	
Europe		2014	140.0006684	41.15717277	176.4196919	
Europe		2015	159.898155	45.19545594	182.5032617	
Europe		2016	166.4231662	46.19757998	195.8176854	
Europe		2017	164.8983449	53.11118051	201.3538123	
Europe		2018	164.9868823	53.07133104	196.6181579	
						
						
Entity	Code	Year	 (years left)			
Coal		2015	114			
Natural Gas		2015	52.8			
Oil		2015	50.7			
